                          * my first spwm inverter leg
                          Transient Analysis  Wed Apr  1 11:12:36  2026
--------------------------------------------------------------------------------
Index   time            v(Load)         v(Gate)         
--------------------------------------------------------------------------------
0	0.000000e+00	4.999975e-04	0.000000e+00	
1	1.000000e-08	4.999975e-04	5.000000e-02	
2	2.000000e-08	4.999975e-04	1.000000e-01	
3	4.000000e-08	4.999975e-04	2.000000e-01	
4	8.000000e-08	4.999975e-04	4.000000e-01	
5	1.600000e-07	4.999975e-04	8.000000e-01	
6	3.200000e-07	4.999975e-04	1.600000e+00	
7	3.562500e-07	4.999975e-04	1.781250e+00	
8	4.196875e-07	4.999975e-04	2.098437e+00	
9	4.372461e-07	4.999975e-04	2.186230e+00	
10	4.679736e-07	4.999975e-04	2.339868e+00	
11	4.795524e-07	4.999975e-04	2.397762e+00	
12	4.902290e-07	4.999975e-04	2.451145e+00	
13	5.043920e-07	9.999998e+01	2.521960e+00	
14	5.179305e-07	9.999997e+01	2.589653e+00	
15	5.412375e-07	9.999995e+01	2.706187e+00	
16	5.646736e-07	9.999992e+01	2.823368e+00	
17	6.115459e-07	9.999988e+01	3.057729e+00	
18	7.052904e-07	9.999978e+01	3.526452e+00	
19	8.526452e-07	9.999963e+01	4.263226e+00	
20	1.000000e-06	9.999949e+01	5.000000e+00	
21	1.029471e-06	9.999946e+01	5.000000e+00	
22	1.088413e-06	9.999940e+01	5.000000e+00	
23	1.206297e-06	9.999928e+01	5.000000e+00	
24	1.442064e-06	9.999905e+01	5.000000e+00	
25	1.913600e-06	9.999857e+01	5.000000e+00	
26	2.856671e-06	9.999763e+01	5.000000e+00	
27	4.742812e-06	9.999575e+01	5.000000e+00	
28	8.515095e-06	9.999199e+01	5.000000e+00	
29	1.605966e-05	9.998449e+01	5.000000e+00	
30	3.114879e-05	9.996958e+01	5.000000e+00	
31	6.132706e-05	9.994009e+01	5.000000e+00	
32	1.216836e-04	9.988247e+01	5.000000e+00	
33	2.216836e-04	9.979080e+01	5.000000e+00	
34	3.216836e-04	9.970369e+01	5.000000e+00	
35	4.216836e-04	9.962091e+01	5.000000e+00	
36	5.216836e-04	9.954225e+01	5.000000e+00	
37	6.216836e-04	9.946750e+01	5.000000e+00	
38	7.216836e-04	9.939647e+01	5.000000e+00	
39	8.216836e-04	9.932897e+01	5.000000e+00	
40	9.216836e-04	9.926483e+01	5.000000e+00	
41	1.021684e-03	9.920388e+01	5.000000e+00	
42	1.121684e-03	9.914596e+01	5.000000e+00	
43	1.221684e-03	9.909092e+01	5.000000e+00	
44	1.321684e-03	9.903861e+01	5.000000e+00	
45	1.421684e-03	9.898891e+01	5.000000e+00	
46	1.521684e-03	9.894168e+01	5.000000e+00	
47	1.621684e-03	9.889680e+01	5.000000e+00	
48	1.721684e-03	9.885415e+01	5.000000e+00	
49	1.821684e-03	9.881362e+01	5.000000e+00	
50	1.921684e-03	9.877511e+01	5.000000e+00	
51	2.021684e-03	9.873851e+01	5.000000e+00	
52	2.121684e-03	9.870374e+01	5.000000e+00	
53	2.221684e-03	9.867069e+01	5.000000e+00	
54	2.321684e-03	9.863928e+01	5.000000e+00	

Index   time            v(Load)         v(Gate)         
--------------------------------------------------------------------------------
55	2.421684e-03	9.860944e+01	5.000000e+00	
56	2.521684e-03	9.858108e+01	5.000000e+00	
57	2.621684e-03	9.855414e+01	5.000000e+00	
58	2.721684e-03	9.852853e+01	5.000000e+00	
59	2.821684e-03	9.850419e+01	5.000000e+00	
60	2.921684e-03	9.848107e+01	5.000000e+00	
61	3.021684e-03	9.845909e+01	5.000000e+00	
62	3.121684e-03	9.843821e+01	5.000000e+00	
63	3.221684e-03	9.841837e+01	5.000000e+00	
64	3.321684e-03	9.839951e+01	5.000000e+00	
65	3.421684e-03	9.838160e+01	5.000000e+00	
66	3.521684e-03	9.836457e+01	5.000000e+00	
67	3.621684e-03	9.834839e+01	5.000000e+00	
68	3.721684e-03	9.833301e+01	5.000000e+00	
69	3.821684e-03	9.831840e+01	5.000000e+00	
70	3.921684e-03	9.830452e+01	5.000000e+00	
71	4.021684e-03	9.829132e+01	5.000000e+00	
72	4.121684e-03	9.827879e+01	5.000000e+00	
73	4.221684e-03	9.826687e+01	5.000000e+00	
74	4.321684e-03	9.825555e+01	5.000000e+00	
75	4.421684e-03	9.824479e+01	5.000000e+00	
76	4.521684e-03	9.823457e+01	5.000000e+00	
77	4.621684e-03	9.822485e+01	5.000000e+00	
78	4.721684e-03	9.821562e+01	5.000000e+00	
79	4.821684e-03	9.820685e+01	5.000000e+00	
80	4.921684e-03	9.819851e+01	5.000000e+00	
81	5.021684e-03	9.819059e+01	5.000000e+00	
82	5.121684e-03	9.818306e+01	5.000000e+00	
83	5.221684e-03	9.817591e+01	5.000000e+00	
84	5.321684e-03	9.816911e+01	5.000000e+00	
85	5.421684e-03	9.816265e+01	5.000000e+00	
86	5.521684e-03	9.815651e+01	5.000000e+00	
87	5.621684e-03	9.815068e+01	5.000000e+00	
88	5.721684e-03	9.814513e+01	5.000000e+00	
89	5.821684e-03	9.813987e+01	5.000000e+00	
90	5.921684e-03	9.813486e+01	5.000000e+00	
91	6.021684e-03	9.813010e+01	5.000000e+00	
92	6.121684e-03	9.812558e+01	5.000000e+00	
93	6.221684e-03	9.812129e+01	5.000000e+00	
94	6.321684e-03	9.811721e+01	5.000000e+00	
95	6.421684e-03	9.811333e+01	5.000000e+00	
96	6.521684e-03	9.810964e+01	5.000000e+00	
97	6.621684e-03	9.810614e+01	5.000000e+00	
98	6.721684e-03	9.810281e+01	5.000000e+00	
99	6.821684e-03	9.809965e+01	5.000000e+00	
100	6.921684e-03	9.809664e+01	5.000000e+00	
101	7.021684e-03	9.809379e+01	5.000000e+00	
102	7.121684e-03	9.809107e+01	5.000000e+00	
103	7.221684e-03	9.808849e+01	5.000000e+00	
104	7.321684e-03	9.808604e+01	5.000000e+00	
105	7.421684e-03	9.808372e+01	5.000000e+00	
106	7.521684e-03	9.808150e+01	5.000000e+00	
107	7.621684e-03	9.807940e+01	5.000000e+00	
108	7.721684e-03	9.807740e+01	5.000000e+00	
109	7.821684e-03	9.807550e+01	5.000000e+00	
110	7.921684e-03	9.807370e+01	5.000000e+00	
111	8.021684e-03	9.807198e+01	5.000000e+00	
112	8.121684e-03	9.807035e+01	5.000000e+00	

Index   time            v(Load)         v(Gate)         
--------------------------------------------------------------------------------
113	8.221684e-03	9.806880e+01	5.000000e+00	
114	8.321684e-03	9.806733e+01	5.000000e+00	
115	8.421684e-03	9.806593e+01	5.000000e+00	
116	8.521684e-03	9.806461e+01	5.000000e+00	
117	8.621684e-03	9.806334e+01	5.000000e+00	
118	8.721684e-03	9.806214e+01	5.000000e+00	
119	8.821684e-03	9.806100e+01	5.000000e+00	
120	8.921684e-03	9.805992e+01	5.000000e+00	
121	9.021684e-03	9.805889e+01	5.000000e+00	
122	9.121684e-03	9.805791e+01	5.000000e+00	
123	9.221684e-03	9.805698e+01	5.000000e+00	
124	9.321684e-03	9.805610e+01	5.000000e+00	
125	9.421684e-03	9.805526e+01	5.000000e+00	
126	9.521684e-03	9.805446e+01	5.000000e+00	
127	9.621684e-03	9.805370e+01	5.000000e+00	
128	9.721684e-03	9.805298e+01	5.000000e+00	
129	9.821684e-03	9.805230e+01	5.000000e+00	
130	9.911342e-03	9.805171e+01	5.000000e+00	
131	1.000100e-02	9.805115e+01	5.000000e+00	
132	1.000110e-02	9.805115e+01	4.500000e+00	
133	1.000126e-02	9.805115e+01	3.700000e+00	
134	1.000131e-02	9.805115e+01	3.462500e+00	
135	1.000139e-02	9.805115e+01	3.046875e+00	
136	1.000141e-02	9.805115e+01	2.931836e+00	
137	1.000145e-02	9.805115e+01	2.730518e+00	
138	1.000147e-02	9.805115e+01	2.674796e+00	
139	1.000148e-02	9.805115e+01	2.577282e+00	
140	1.000151e-02	-9.10695e-01	2.469320e+00	
141	1.000155e-02	-9.10702e-01	2.253398e+00	
142	1.000164e-02	-9.10700e-01	1.821552e+00	
143	1.000181e-02	-9.10698e-01	9.578600e-01	
144	1.000200e-02	-9.10594e-01	0.000000e+00	
145	1.000203e-02	-9.10593e-01	0.000000e+00	
146	1.000210e-02	-9.10593e-01	0.000000e+00	
147	1.000224e-02	-9.10591e-01	0.000000e+00	
148	1.000252e-02	-9.10587e-01	0.000000e+00	
149	1.000307e-02	-9.10580e-01	0.000000e+00	
150	1.000418e-02	-9.10566e-01	0.000000e+00	
151	1.000639e-02	-9.10537e-01	0.000000e+00	
152	1.001081e-02	-9.10479e-01	0.000000e+00	
153	1.001965e-02	-9.10364e-01	0.000000e+00	
154	1.003734e-02	-9.10134e-01	0.000000e+00	
155	1.007272e-02	-9.09675e-01	0.000000e+00	
156	1.014347e-02	-9.08763e-01	0.000000e+00	
157	1.024347e-02	-9.07473e-01	0.000000e+00	
158	1.034347e-02	-9.06166e-01	0.000000e+00	
159	1.044347e-02	-9.04858e-01	0.000000e+00	
160	1.054347e-02	-9.03549e-01	0.000000e+00	
161	1.064347e-02	-9.02240e-01	0.000000e+00	
162	1.074347e-02	-9.00929e-01	0.000000e+00	
163	1.084347e-02	-8.99618e-01	0.000000e+00	
164	1.094347e-02	-8.98306e-01	0.000000e+00	
165	1.104347e-02	-8.96993e-01	0.000000e+00	
166	1.114347e-02	-8.95678e-01	0.000000e+00	
167	1.124347e-02	-8.94363e-01	0.000000e+00	
168	1.134347e-02	-8.93047e-01	0.000000e+00	
169	1.144347e-02	-8.91729e-01	0.000000e+00	
170	1.154347e-02	-8.90411e-01	0.000000e+00	

Index   time            v(Load)         v(Gate)         
--------------------------------------------------------------------------------
171	1.164347e-02	-8.89091e-01	0.000000e+00	
172	1.174347e-02	-8.87770e-01	0.000000e+00	
173	1.184347e-02	-8.86447e-01	0.000000e+00	
174	1.194347e-02	-8.85123e-01	0.000000e+00	
175	1.204347e-02	-8.83797e-01	0.000000e+00	
176	1.214347e-02	-8.82470e-01	0.000000e+00	
177	1.224347e-02	-8.81140e-01	0.000000e+00	
178	1.234347e-02	-8.79809e-01	0.000000e+00	
179	1.244347e-02	-8.78477e-01	0.000000e+00	
180	1.254347e-02	-8.77142e-01	0.000000e+00	
181	1.264347e-02	-8.75805e-01	0.000000e+00	
182	1.274347e-02	-8.74465e-01	0.000000e+00	
183	1.284347e-02	-8.73124e-01	0.000000e+00	
184	1.294347e-02	-8.71780e-01	0.000000e+00	
185	1.304347e-02	-8.70433e-01	0.000000e+00	
186	1.314347e-02	-8.69083e-01	0.000000e+00	
187	1.324347e-02	-8.67731e-01	0.000000e+00	
188	1.334347e-02	-8.66376e-01	0.000000e+00	
189	1.344347e-02	-8.65017e-01	0.000000e+00	
190	1.354347e-02	-8.63655e-01	0.000000e+00	
191	1.364347e-02	-8.62289e-01	0.000000e+00	
192	1.374347e-02	-8.60920e-01	0.000000e+00	
193	1.384347e-02	-8.59546e-01	0.000000e+00	
194	1.394347e-02	-8.58168e-01	0.000000e+00	
195	1.404347e-02	-8.56786e-01	0.000000e+00	
196	1.414347e-02	-8.55399e-01	0.000000e+00	
197	1.424347e-02	-8.54007e-01	0.000000e+00	
198	1.434347e-02	-8.52610e-01	0.000000e+00	
199	1.444347e-02	-8.51207e-01	0.000000e+00	
200	1.454347e-02	-8.49798e-01	0.000000e+00	
201	1.464347e-02	-8.48384e-01	0.000000e+00	
202	1.474347e-02	-8.46962e-01	0.000000e+00	
203	1.484347e-02	-8.45533e-01	0.000000e+00	
204	1.494347e-02	-8.44097e-01	0.000000e+00	
205	1.504347e-02	-8.42653e-01	0.000000e+00	
206	1.514347e-02	-8.41201e-01	0.000000e+00	
207	1.524347e-02	-8.39739e-01	0.000000e+00	
208	1.534347e-02	-8.38269e-01	0.000000e+00	
209	1.544347e-02	-8.36788e-01	0.000000e+00	
210	1.554347e-02	-8.35296e-01	0.000000e+00	
211	1.564347e-02	-8.33793e-01	0.000000e+00	
212	1.574347e-02	-8.32278e-01	0.000000e+00	
213	1.584347e-02	-8.30750e-01	0.000000e+00	
214	1.594347e-02	-8.29208e-01	0.000000e+00	
215	1.604347e-02	-8.27651e-01	0.000000e+00	
216	1.614347e-02	-8.26078e-01	0.000000e+00	
217	1.624347e-02	-8.24488e-01	0.000000e+00	
218	1.634347e-02	-8.22880e-01	0.000000e+00	
219	1.644347e-02	-8.21253e-01	0.000000e+00	
220	1.654347e-02	-8.19604e-01	0.000000e+00	
221	1.664347e-02	-8.17932e-01	0.000000e+00	
222	1.674347e-02	-8.16236e-01	0.000000e+00	
223	1.684347e-02	-8.14513e-01	0.000000e+00	
224	1.694347e-02	-8.12762e-01	0.000000e+00	
225	1.704347e-02	-8.10979e-01	0.000000e+00	
226	1.714347e-02	-8.09162e-01	0.000000e+00	
227	1.724347e-02	-8.07308e-01	0.000000e+00	
228	1.734347e-02	-8.05413e-01	0.000000e+00	

Index   time            v(Load)         v(Gate)         
--------------------------------------------------------------------------------
229	1.744347e-02	-8.03474e-01	0.000000e+00	
230	1.754347e-02	-8.01485e-01	0.000000e+00	
231	1.764347e-02	-7.99442e-01	0.000000e+00	
232	1.774347e-02	-7.97339e-01	0.000000e+00	
233	1.784347e-02	-7.95169e-01	0.000000e+00	
234	1.794347e-02	-7.92923e-01	0.000000e+00	
235	1.804347e-02	-7.90593e-01	0.000000e+00	
236	1.814347e-02	-7.88166e-01	0.000000e+00	
237	1.824347e-02	-7.85630e-01	0.000000e+00	
238	1.834347e-02	-7.82967e-01	0.000000e+00	
239	1.844347e-02	-7.80158e-01	0.000000e+00	
240	1.854347e-02	-7.77177e-01	0.000000e+00	
241	1.864347e-02	-7.73991e-01	0.000000e+00	
242	1.874347e-02	-7.70559e-01	0.000000e+00	
243	1.884347e-02	-7.66823e-01	0.000000e+00	
244	1.894347e-02	-7.62707e-01	0.000000e+00	
245	1.904347e-02	-7.58101e-01	0.000000e+00	
246	1.914347e-02	-7.52841e-01	0.000000e+00	
247	1.924347e-02	-7.45805e-01	0.000000e+00	
248	1.934347e-02	-7.37807e-01	0.000000e+00	
249	1.944347e-02	-7.27054e-01	0.000000e+00	
250	1.954347e-02	-7.10218e-01	0.000000e+00	
251	1.964347e-02	-6.59873e-01	0.000000e+00	
252	1.972396e-02	3.686277e-01	0.000000e+00	
253	1.978468e-02	-3.67380e-01	0.000000e+00	
254	1.984505e-02	3.681319e-01	0.000000e+00	
255	1.992175e-02	-3.66940e-01	0.000000e+00	
256	2.000000e-02	3.677524e-01	0.000000e+00	
257	2.000010e-02	3.388646e-02	5.000000e-01	
258	2.000026e-02	-2.54673e-02	1.300000e+00	
259	2.000031e-02	1.107929e-02	1.537500e+00	
260	2.000039e-02	-5.97583e-03	1.953125e+00	
261	2.000041e-02	9.529049e-04	2.068164e+00	
262	2.000045e-02	3.477066e-04	2.269482e+00	
263	2.000047e-02	4.566954e-04	2.325204e+00	
264	2.000048e-02	4.994525e-04	2.422718e+00	
265	2.000050e-02	9.999998e+01	2.517673e+00	
266	2.000052e-02	9.999996e+01	2.608439e+00	
267	2.000055e-02	9.999993e+01	2.761215e+00	
268	2.000058e-02	9.999990e+01	2.914755e+00	
269	2.000064e-02	9.999984e+01	3.221834e+00	
270	2.000077e-02	9.999972e+01	3.835992e+00	
271	2.000100e-02	9.999948e+01	5.000000e+00	
272	2.000102e-02	9.999946e+01	5.000000e+00	
273	2.000107e-02	9.999941e+01	5.000000e+00	
274	2.000117e-02	9.999931e+01	5.000000e+00	
275	2.000137e-02	9.999912e+01	5.000000e+00	
276	2.000176e-02	9.999872e+01	5.000000e+00	
277	2.000255e-02	9.999794e+01	5.000000e+00	
278	2.000412e-02	9.999637e+01	5.000000e+00	
279	2.000726e-02	9.999323e+01	5.000000e+00	
280	2.001355e-02	9.998697e+01	5.000000e+00	
281	2.002613e-02	9.997452e+01	5.000000e+00	
282	2.005129e-02	9.994985e+01	5.000000e+00	
283	2.010160e-02	9.990144e+01	5.000000e+00	
284	2.020160e-02	9.980883e+01	5.000000e+00	
285	2.030160e-02	9.972083e+01	5.000000e+00	
286	2.040160e-02	9.963720e+01	5.000000e+00	

Index   time            v(Load)         v(Gate)         
--------------------------------------------------------------------------------
287	2.050160e-02	9.955773e+01	5.000000e+00	
288	2.060160e-02	9.948221e+01	5.000000e+00	
289	2.070160e-02	9.941045e+01	5.000000e+00	
290	2.080160e-02	9.934225e+01	5.000000e+00	
291	2.090160e-02	9.927745e+01	5.000000e+00	
292	2.100160e-02	9.921587e+01	5.000000e+00	
293	2.110160e-02	9.915735e+01	5.000000e+00	
294	2.120160e-02	9.910175e+01	5.000000e+00	
295	2.130160e-02	9.904890e+01	5.000000e+00	
296	2.140160e-02	9.899869e+01	5.000000e+00	
297	2.150160e-02	9.895097e+01	5.000000e+00	
298	2.160160e-02	9.890563e+01	5.000000e+00	
299	2.170160e-02	9.886254e+01	5.000000e+00	
300	2.180160e-02	9.882160e+01	5.000000e+00	
301	2.190160e-02	9.878269e+01	5.000000e+00	
302	2.200160e-02	9.874571e+01	5.000000e+00	
303	2.210160e-02	9.871058e+01	5.000000e+00	
304	2.220160e-02	9.867719e+01	5.000000e+00	
305	2.230160e-02	9.864546e+01	5.000000e+00	
306	2.240160e-02	9.861531e+01	5.000000e+00	
307	2.250160e-02	9.858666e+01	5.000000e+00	
308	2.260160e-02	9.855944e+01	5.000000e+00	
309	2.270160e-02	9.853356e+01	5.000000e+00	
310	2.280160e-02	9.850898e+01	5.000000e+00	
311	2.290160e-02	9.848562e+01	5.000000e+00	
312	2.300160e-02	9.846342e+01	5.000000e+00	
313	2.310160e-02	9.844232e+01	5.000000e+00	
314	2.320160e-02	9.842227e+01	5.000000e+00	
315	2.330160e-02	9.840322e+01	5.000000e+00	
316	2.340160e-02	9.838512e+01	5.000000e+00	
317	2.350160e-02	9.836792e+01	5.000000e+00	
318	2.360160e-02	9.835157e+01	5.000000e+00	
319	2.370160e-02	9.833604e+01	5.000000e+00	
320	2.380160e-02	9.832128e+01	5.000000e+00	
321	2.390160e-02	9.830725e+01	5.000000e+00	
322	2.400160e-02	9.829392e+01	5.000000e+00	
323	2.410160e-02	9.828125e+01	5.000000e+00	
324	2.420160e-02	9.826921e+01	5.000000e+00	
325	2.430160e-02	9.825778e+01	5.000000e+00	
326	2.440160e-02	9.824691e+01	5.000000e+00	
327	2.450160e-02	9.823658e+01	5.000000e+00	
328	2.460160e-02	9.822676e+01	5.000000e+00	
329	2.470160e-02	9.821744e+01	5.000000e+00	
330	2.480160e-02	9.820857e+01	5.000000e+00	
331	2.490160e-02	9.820015e+01	5.000000e+00	
332	2.500160e-02	9.819215e+01	5.000000e+00	
333	2.510160e-02	9.818454e+01	5.000000e+00	
334	2.520160e-02	9.817731e+01	5.000000e+00	
335	2.530160e-02	9.817045e+01	5.000000e+00	
336	2.540160e-02	9.816392e+01	5.000000e+00	
337	2.550160e-02	9.815772e+01	5.000000e+00	
338	2.560160e-02	9.815182e+01	5.000000e+00	
339	2.570160e-02	9.814622e+01	5.000000e+00	
340	2.580160e-02	9.814090e+01	5.000000e+00	
341	2.590160e-02	9.813585e+01	5.000000e+00	
342	2.600160e-02	9.813104e+01	5.000000e+00	
343	2.610160e-02	9.812647e+01	5.000000e+00	
344	2.620160e-02	9.812213e+01	5.000000e+00	

Index   time            v(Load)         v(Gate)         
--------------------------------------------------------------------------------
345	2.630160e-02	9.811801e+01	5.000000e+00	
346	2.640160e-02	9.811409e+01	5.000000e+00	
347	2.650160e-02	9.811037e+01	5.000000e+00	
348	2.660160e-02	9.810683e+01	5.000000e+00	
349	2.670160e-02	9.810347e+01	5.000000e+00	
350	2.680160e-02	9.810027e+01	5.000000e+00	
351	2.690160e-02	9.809724e+01	5.000000e+00	
352	2.700160e-02	9.809435e+01	5.000000e+00	
353	2.710160e-02	9.809161e+01	5.000000e+00	
354	2.720160e-02	9.808900e+01	5.000000e+00	
355	2.730160e-02	9.808653e+01	5.000000e+00	
356	2.740160e-02	9.808417e+01	5.000000e+00	
357	2.750160e-02	9.808194e+01	5.000000e+00	
358	2.760160e-02	9.807981e+01	5.000000e+00	
359	2.770160e-02	9.807779e+01	5.000000e+00	
360	2.780160e-02	9.807588e+01	5.000000e+00	
361	2.790160e-02	9.807405e+01	5.000000e+00	
362	2.800160e-02	9.807232e+01	5.000000e+00	
363	2.810160e-02	9.807067e+01	5.000000e+00	
364	2.820160e-02	9.806911e+01	5.000000e+00	
365	2.830160e-02	9.806762e+01	5.000000e+00	
366	2.840160e-02	9.806621e+01	5.000000e+00	
367	2.850160e-02	9.806487e+01	5.000000e+00	
368	2.860160e-02	9.806359e+01	5.000000e+00	
369	2.870160e-02	9.806238e+01	5.000000e+00	
370	2.880160e-02	9.806123e+01	5.000000e+00	
371	2.890160e-02	9.806013e+01	5.000000e+00	
372	2.900160e-02	9.805909e+01	5.000000e+00	
373	2.910160e-02	9.805810e+01	5.000000e+00	
374	2.920160e-02	9.805716e+01	5.000000e+00	
375	2.930160e-02	9.805627e+01	5.000000e+00	
376	2.940160e-02	9.805542e+01	5.000000e+00	
377	2.950160e-02	9.805462e+01	5.000000e+00	
378	2.960160e-02	9.805385e+01	5.000000e+00	
379	2.970160e-02	9.805312e+01	5.000000e+00	
380	2.980160e-02	9.805243e+01	5.000000e+00	
381	2.990160e-02	9.805177e+01	5.000000e+00	
382	3.000100e-02	9.805115e+01	5.000000e+00	
383	3.000110e-02	9.805115e+01	4.500000e+00	
384	3.000126e-02	9.805115e+01	3.700000e+00	
385	3.000131e-02	9.805115e+01	3.462500e+00	
386	3.000139e-02	9.805115e+01	3.046875e+00	
387	3.000141e-02	9.805115e+01	2.931836e+00	
388	3.000145e-02	9.805115e+01	2.730518e+00	
389	3.000147e-02	9.805115e+01	2.674796e+00	
390	3.000148e-02	9.805115e+01	2.577282e+00	
391	3.000151e-02	-9.10695e-01	2.469320e+00	
392	3.000155e-02	-9.10702e-01	2.253398e+00	
393	3.000164e-02	-9.10700e-01	1.821552e+00	
394	3.000181e-02	-9.10698e-01	9.578600e-01	
395	3.000200e-02	-9.10594e-01	0.000000e+00	
396	3.000203e-02	-9.10593e-01	0.000000e+00	
397	3.000210e-02	-9.10593e-01	0.000000e+00	
398	3.000224e-02	-9.10591e-01	0.000000e+00	
399	3.000252e-02	-9.10587e-01	0.000000e+00	
400	3.000307e-02	-9.10580e-01	0.000000e+00	
401	3.000418e-02	-9.10566e-01	0.000000e+00	
402	3.000639e-02	-9.10537e-01	0.000000e+00	

Index   time            v(Load)         v(Gate)         
--------------------------------------------------------------------------------
403	3.001081e-02	-9.10479e-01	0.000000e+00	
404	3.001965e-02	-9.10364e-01	0.000000e+00	
405	3.003734e-02	-9.10134e-01	0.000000e+00	
406	3.007272e-02	-9.09675e-01	0.000000e+00	
407	3.014347e-02	-9.08763e-01	0.000000e+00	
408	3.024347e-02	-9.07473e-01	0.000000e+00	
409	3.034347e-02	-9.06166e-01	0.000000e+00	
410	3.044347e-02	-9.04858e-01	0.000000e+00	
411	3.054347e-02	-9.03549e-01	0.000000e+00	
412	3.064347e-02	-9.02240e-01	0.000000e+00	
413	3.074347e-02	-9.00929e-01	0.000000e+00	
414	3.084347e-02	-8.99618e-01	0.000000e+00	
415	3.094347e-02	-8.98306e-01	0.000000e+00	
416	3.104347e-02	-8.96993e-01	0.000000e+00	
417	3.114347e-02	-8.95678e-01	0.000000e+00	
418	3.124347e-02	-8.94363e-01	0.000000e+00	
419	3.134347e-02	-8.93047e-01	0.000000e+00	
420	3.144347e-02	-8.91729e-01	0.000000e+00	
421	3.154347e-02	-8.90411e-01	0.000000e+00	
422	3.164347e-02	-8.89091e-01	0.000000e+00	
423	3.174347e-02	-8.87770e-01	0.000000e+00	
424	3.184347e-02	-8.86447e-01	0.000000e+00	
425	3.194347e-02	-8.85123e-01	0.000000e+00	
426	3.204347e-02	-8.83797e-01	0.000000e+00	
427	3.214347e-02	-8.82470e-01	0.000000e+00	
428	3.224347e-02	-8.81140e-01	0.000000e+00	
429	3.234347e-02	-8.79809e-01	0.000000e+00	
430	3.244347e-02	-8.78477e-01	0.000000e+00	
431	3.254347e-02	-8.77142e-01	0.000000e+00	
432	3.264347e-02	-8.75805e-01	0.000000e+00	
433	3.274347e-02	-8.74465e-01	0.000000e+00	
434	3.284347e-02	-8.73124e-01	0.000000e+00	
435	3.294347e-02	-8.71780e-01	0.000000e+00	
436	3.304347e-02	-8.70433e-01	0.000000e+00	
437	3.314347e-02	-8.69083e-01	0.000000e+00	
438	3.324347e-02	-8.67731e-01	0.000000e+00	
439	3.334347e-02	-8.66376e-01	0.000000e+00	
440	3.344347e-02	-8.65017e-01	0.000000e+00	
441	3.354347e-02	-8.63655e-01	0.000000e+00	
442	3.364347e-02	-8.62289e-01	0.000000e+00	
443	3.374347e-02	-8.60920e-01	0.000000e+00	
444	3.384347e-02	-8.59546e-01	0.000000e+00	
445	3.394347e-02	-8.58168e-01	0.000000e+00	
446	3.404347e-02	-8.56786e-01	0.000000e+00	
447	3.414347e-02	-8.55399e-01	0.000000e+00	
448	3.424347e-02	-8.54007e-01	0.000000e+00	
449	3.434347e-02	-8.52610e-01	0.000000e+00	
450	3.444347e-02	-8.51207e-01	0.000000e+00	
451	3.454347e-02	-8.49798e-01	0.000000e+00	
452	3.464347e-02	-8.48384e-01	0.000000e+00	
453	3.474347e-02	-8.46962e-01	0.000000e+00	
454	3.484347e-02	-8.45533e-01	0.000000e+00	
455	3.494347e-02	-8.44097e-01	0.000000e+00	
456	3.504347e-02	-8.42653e-01	0.000000e+00	
457	3.514347e-02	-8.41201e-01	0.000000e+00	
458	3.524347e-02	-8.39739e-01	0.000000e+00	
459	3.534347e-02	-8.38269e-01	0.000000e+00	
460	3.544347e-02	-8.36788e-01	0.000000e+00	

Index   time            v(Load)         v(Gate)         
--------------------------------------------------------------------------------
461	3.554347e-02	-8.35296e-01	0.000000e+00	
462	3.564347e-02	-8.33793e-01	0.000000e+00	
463	3.574347e-02	-8.32278e-01	0.000000e+00	
464	3.584347e-02	-8.30750e-01	0.000000e+00	
465	3.594347e-02	-8.29208e-01	0.000000e+00	
466	3.604347e-02	-8.27651e-01	0.000000e+00	
467	3.614347e-02	-8.26078e-01	0.000000e+00	
468	3.624347e-02	-8.24488e-01	0.000000e+00	
469	3.634347e-02	-8.22880e-01	0.000000e+00	
470	3.644347e-02	-8.21253e-01	0.000000e+00	
471	3.654347e-02	-8.19604e-01	0.000000e+00	
472	3.664347e-02	-8.17932e-01	0.000000e+00	
473	3.674347e-02	-8.16236e-01	0.000000e+00	
474	3.684347e-02	-8.14513e-01	0.000000e+00	
475	3.694347e-02	-8.12762e-01	0.000000e+00	
476	3.704347e-02	-8.10979e-01	0.000000e+00	
477	3.714347e-02	-8.09162e-01	0.000000e+00	
478	3.724347e-02	-8.07308e-01	0.000000e+00	
479	3.734347e-02	-8.05413e-01	0.000000e+00	
480	3.744347e-02	-8.03474e-01	0.000000e+00	
481	3.754347e-02	-8.01485e-01	0.000000e+00	
482	3.764347e-02	-7.99442e-01	0.000000e+00	
483	3.774347e-02	-7.97339e-01	0.000000e+00	
484	3.784347e-02	-7.95169e-01	0.000000e+00	
485	3.794347e-02	-7.92923e-01	0.000000e+00	
486	3.804347e-02	-7.90593e-01	0.000000e+00	
487	3.814347e-02	-7.88166e-01	0.000000e+00	
488	3.824347e-02	-7.85630e-01	0.000000e+00	
489	3.834347e-02	-7.82967e-01	0.000000e+00	
490	3.844347e-02	-7.80158e-01	0.000000e+00	
491	3.854347e-02	-7.77177e-01	0.000000e+00	
492	3.864347e-02	-7.73991e-01	0.000000e+00	
493	3.874347e-02	-7.70559e-01	0.000000e+00	
494	3.884347e-02	-7.66823e-01	0.000000e+00	
495	3.894347e-02	-7.62707e-01	0.000000e+00	
496	3.904347e-02	-7.58101e-01	0.000000e+00	
497	3.914347e-02	-7.52841e-01	0.000000e+00	
498	3.924347e-02	-7.45805e-01	0.000000e+00	
499	3.934347e-02	-7.37807e-01	0.000000e+00	
500	3.944347e-02	-7.27054e-01	0.000000e+00	
501	3.954347e-02	-7.10218e-01	0.000000e+00	
502	3.964347e-02	-6.59873e-01	0.000000e+00	
503	3.972396e-02	3.686267e-01	0.000000e+00	
504	3.978468e-02	-3.67379e-01	0.000000e+00	
505	3.984505e-02	3.681309e-01	0.000000e+00	
506	3.992175e-02	-3.66939e-01	0.000000e+00	
507	4.000000e-02	3.677514e-01	0.000000e+00	
508	4.000010e-02	3.388637e-02	5.000000e-01	
509	4.000026e-02	-2.54672e-02	1.300000e+00	
510	4.000031e-02	1.107927e-02	1.537500e+00	
511	4.000039e-02	-5.97581e-03	1.953125e+00	
512	4.000041e-02	9.529037e-04	2.068164e+00	
513	4.000045e-02	3.477070e-04	2.269482e+00	
514	4.000047e-02	4.566955e-04	2.325204e+00	
515	4.000048e-02	4.994525e-04	2.422718e+00	
516	4.000050e-02	9.999998e+01	2.517673e+00	
517	4.000052e-02	9.999996e+01	2.608439e+00	
518	4.000055e-02	9.999993e+01	2.761215e+00	

Index   time            v(Load)         v(Gate)         
--------------------------------------------------------------------------------
519	4.000058e-02	9.999990e+01	2.914755e+00	
520	4.000064e-02	9.999984e+01	3.221834e+00	
521	4.000077e-02	9.999972e+01	3.835992e+00	
522	4.000100e-02	9.999948e+01	5.000000e+00	
523	4.000102e-02	9.999946e+01	5.000000e+00	
524	4.000107e-02	9.999941e+01	5.000000e+00	
525	4.000117e-02	9.999931e+01	5.000000e+00	
526	4.000137e-02	9.999912e+01	5.000000e+00	
527	4.000176e-02	9.999872e+01	5.000000e+00	
528	4.000255e-02	9.999794e+01	5.000000e+00	
529	4.000412e-02	9.999637e+01	5.000000e+00	
530	4.000726e-02	9.999323e+01	5.000000e+00	
531	4.001355e-02	9.998697e+01	5.000000e+00	
532	4.002613e-02	9.997452e+01	5.000000e+00	
533	4.005129e-02	9.994985e+01	5.000000e+00	
534	4.010160e-02	9.990144e+01	5.000000e+00	
535	4.020160e-02	9.980883e+01	5.000000e+00	
536	4.030160e-02	9.972083e+01	5.000000e+00	
537	4.040160e-02	9.963720e+01	5.000000e+00	
538	4.050160e-02	9.955773e+01	5.000000e+00	
539	4.060160e-02	9.948221e+01	5.000000e+00	
540	4.070160e-02	9.941045e+01	5.000000e+00	
541	4.080160e-02	9.934225e+01	5.000000e+00	
542	4.090160e-02	9.927745e+01	5.000000e+00	
543	4.100160e-02	9.921587e+01	5.000000e+00	
544	4.110160e-02	9.915735e+01	5.000000e+00	
545	4.120160e-02	9.910175e+01	5.000000e+00	
546	4.130160e-02	9.904890e+01	5.000000e+00	
547	4.140160e-02	9.899869e+01	5.000000e+00	
548	4.150160e-02	9.895097e+01	5.000000e+00	
549	4.160160e-02	9.890563e+01	5.000000e+00	
550	4.170160e-02	9.886254e+01	5.000000e+00	
551	4.180160e-02	9.882160e+01	5.000000e+00	
552	4.190160e-02	9.878269e+01	5.000000e+00	
553	4.200160e-02	9.874571e+01	5.000000e+00	
554	4.210160e-02	9.871058e+01	5.000000e+00	
555	4.220160e-02	9.867719e+01	5.000000e+00	
556	4.230160e-02	9.864546e+01	5.000000e+00	
557	4.240160e-02	9.861531e+01	5.000000e+00	
558	4.250160e-02	9.858666e+01	5.000000e+00	
559	4.260160e-02	9.855944e+01	5.000000e+00	
560	4.270160e-02	9.853356e+01	5.000000e+00	
561	4.280160e-02	9.850898e+01	5.000000e+00	
562	4.290160e-02	9.848562e+01	5.000000e+00	
563	4.300160e-02	9.846342e+01	5.000000e+00	
564	4.310160e-02	9.844232e+01	5.000000e+00	
565	4.320160e-02	9.842227e+01	5.000000e+00	
566	4.330160e-02	9.840322e+01	5.000000e+00	
567	4.340160e-02	9.838512e+01	5.000000e+00	
568	4.350160e-02	9.836792e+01	5.000000e+00	
569	4.360160e-02	9.835157e+01	5.000000e+00	
570	4.370160e-02	9.833604e+01	5.000000e+00	
571	4.380160e-02	9.832128e+01	5.000000e+00	
572	4.390160e-02	9.830725e+01	5.000000e+00	
573	4.400160e-02	9.829392e+01	5.000000e+00	
574	4.410160e-02	9.828125e+01	5.000000e+00	
575	4.420160e-02	9.826921e+01	5.000000e+00	
576	4.430160e-02	9.825778e+01	5.000000e+00	

Index   time            v(Load)         v(Gate)         
--------------------------------------------------------------------------------
577	4.440160e-02	9.824691e+01	5.000000e+00	
578	4.450160e-02	9.823658e+01	5.000000e+00	
579	4.460160e-02	9.822676e+01	5.000000e+00	
580	4.470160e-02	9.821744e+01	5.000000e+00	
581	4.480160e-02	9.820857e+01	5.000000e+00	
582	4.490160e-02	9.820015e+01	5.000000e+00	
583	4.500160e-02	9.819215e+01	5.000000e+00	
584	4.510160e-02	9.818454e+01	5.000000e+00	
585	4.520160e-02	9.817731e+01	5.000000e+00	
586	4.530160e-02	9.817045e+01	5.000000e+00	
587	4.540160e-02	9.816392e+01	5.000000e+00	
588	4.550160e-02	9.815772e+01	5.000000e+00	
589	4.560160e-02	9.815182e+01	5.000000e+00	
590	4.570160e-02	9.814622e+01	5.000000e+00	
591	4.580160e-02	9.814090e+01	5.000000e+00	
592	4.590160e-02	9.813585e+01	5.000000e+00	
593	4.600160e-02	9.813104e+01	5.000000e+00	
594	4.610160e-02	9.812647e+01	5.000000e+00	
595	4.620160e-02	9.812213e+01	5.000000e+00	
596	4.630160e-02	9.811801e+01	5.000000e+00	
597	4.640160e-02	9.811409e+01	5.000000e+00	
598	4.650160e-02	9.811037e+01	5.000000e+00	
599	4.660160e-02	9.810683e+01	5.000000e+00	
600	4.670160e-02	9.810347e+01	5.000000e+00	
601	4.680160e-02	9.810027e+01	5.000000e+00	
602	4.690160e-02	9.809724e+01	5.000000e+00	
603	4.700160e-02	9.809435e+01	5.000000e+00	
604	4.710160e-02	9.809161e+01	5.000000e+00	
605	4.720160e-02	9.808900e+01	5.000000e+00	
606	4.730160e-02	9.808653e+01	5.000000e+00	
607	4.740160e-02	9.808417e+01	5.000000e+00	
608	4.750160e-02	9.808194e+01	5.000000e+00	
609	4.760160e-02	9.807981e+01	5.000000e+00	
610	4.770160e-02	9.807779e+01	5.000000e+00	
611	4.780160e-02	9.807588e+01	5.000000e+00	
612	4.790160e-02	9.807405e+01	5.000000e+00	
613	4.800160e-02	9.807232e+01	5.000000e+00	
614	4.810160e-02	9.807067e+01	5.000000e+00	
615	4.820160e-02	9.806911e+01	5.000000e+00	
616	4.830160e-02	9.806762e+01	5.000000e+00	
617	4.840160e-02	9.806621e+01	5.000000e+00	
618	4.850160e-02	9.806487e+01	5.000000e+00	
619	4.860160e-02	9.806359e+01	5.000000e+00	
620	4.870160e-02	9.806238e+01	5.000000e+00	
621	4.880160e-02	9.806123e+01	5.000000e+00	
622	4.890160e-02	9.806013e+01	5.000000e+00	
623	4.900160e-02	9.805909e+01	5.000000e+00	
624	4.910160e-02	9.805810e+01	5.000000e+00	
625	4.920160e-02	9.805716e+01	5.000000e+00	
626	4.930160e-02	9.805627e+01	5.000000e+00	
627	4.940160e-02	9.805542e+01	5.000000e+00	
628	4.950160e-02	9.805462e+01	5.000000e+00	
629	4.960160e-02	9.805385e+01	5.000000e+00	
630	4.970160e-02	9.805312e+01	5.000000e+00	
631	4.980160e-02	9.805243e+01	5.000000e+00	
632	4.990160e-02	9.805177e+01	5.000000e+00	
633	5.000100e-02	9.805115e+01	5.000000e+00	
634	5.000110e-02	9.805115e+01	4.500000e+00	

Index   time            v(Load)         v(Gate)         
--------------------------------------------------------------------------------
635	5.000126e-02	9.805115e+01	3.700000e+00	
636	5.000131e-02	9.805115e+01	3.462500e+00	
637	5.000139e-02	9.805115e+01	3.046875e+00	
638	5.000141e-02	9.805115e+01	2.931836e+00	
639	5.000145e-02	9.805115e+01	2.730518e+00	
640	5.000147e-02	9.805115e+01	2.674796e+00	
641	5.000148e-02	9.805115e+01	2.577282e+00	
642	5.000151e-02	-9.10695e-01	2.469320e+00	
643	5.000155e-02	-9.10702e-01	2.253398e+00	
644	5.000164e-02	-9.10700e-01	1.821552e+00	
645	5.000181e-02	-9.10698e-01	9.578600e-01	
646	5.000200e-02	-9.10594e-01	1.234657e-11	
647	5.000203e-02	-9.10593e-01	0.000000e+00	
648	5.000210e-02	-9.10593e-01	0.000000e+00	
649	5.000224e-02	-9.10591e-01	0.000000e+00	
650	5.000252e-02	-9.10587e-01	0.000000e+00	
651	5.000307e-02	-9.10580e-01	0.000000e+00	
652	5.000418e-02	-9.10566e-01	0.000000e+00	
653	5.000639e-02	-9.10537e-01	0.000000e+00	
654	5.001081e-02	-9.10479e-01	0.000000e+00	
655	5.001965e-02	-9.10364e-01	0.000000e+00	
656	5.003734e-02	-9.10134e-01	0.000000e+00	
657	5.007272e-02	-9.09675e-01	0.000000e+00	
658	5.014347e-02	-9.08763e-01	0.000000e+00	
659	5.024347e-02	-9.07473e-01	0.000000e+00	
660	5.034347e-02	-9.06166e-01	0.000000e+00	
661	5.044347e-02	-9.04858e-01	0.000000e+00	
662	5.054347e-02	-9.03549e-01	0.000000e+00	
663	5.064347e-02	-9.02240e-01	0.000000e+00	
664	5.074347e-02	-9.00929e-01	0.000000e+00	
665	5.084347e-02	-8.99618e-01	0.000000e+00	
666	5.094347e-02	-8.98306e-01	0.000000e+00	
667	5.104347e-02	-8.96993e-01	0.000000e+00	
668	5.114347e-02	-8.95678e-01	0.000000e+00	
669	5.124347e-02	-8.94363e-01	0.000000e+00	
670	5.134347e-02	-8.93047e-01	0.000000e+00	
671	5.144347e-02	-8.91729e-01	0.000000e+00	
672	5.154347e-02	-8.90411e-01	0.000000e+00	
673	5.164347e-02	-8.89091e-01	0.000000e+00	
674	5.174347e-02	-8.87770e-01	0.000000e+00	
675	5.184347e-02	-8.86447e-01	0.000000e+00	
676	5.194347e-02	-8.85123e-01	0.000000e+00	
677	5.204347e-02	-8.83797e-01	0.000000e+00	
678	5.214347e-02	-8.82470e-01	0.000000e+00	
679	5.224347e-02	-8.81140e-01	0.000000e+00	
680	5.234347e-02	-8.79809e-01	0.000000e+00	
681	5.244347e-02	-8.78477e-01	0.000000e+00	
682	5.254347e-02	-8.77142e-01	0.000000e+00	
683	5.264347e-02	-8.75805e-01	0.000000e+00	
684	5.274347e-02	-8.74465e-01	0.000000e+00	
685	5.284347e-02	-8.73124e-01	0.000000e+00	
686	5.294347e-02	-8.71780e-01	0.000000e+00	
687	5.304347e-02	-8.70433e-01	0.000000e+00	
688	5.314347e-02	-8.69083e-01	0.000000e+00	
689	5.324347e-02	-8.67731e-01	0.000000e+00	
690	5.334347e-02	-8.66376e-01	0.000000e+00	
691	5.344347e-02	-8.65017e-01	0.000000e+00	
692	5.354347e-02	-8.63655e-01	0.000000e+00	

Index   time            v(Load)         v(Gate)         
--------------------------------------------------------------------------------
693	5.364347e-02	-8.62289e-01	0.000000e+00	
694	5.374347e-02	-8.60920e-01	0.000000e+00	
695	5.384347e-02	-8.59546e-01	0.000000e+00	
696	5.394347e-02	-8.58168e-01	0.000000e+00	
697	5.404347e-02	-8.56786e-01	0.000000e+00	
698	5.414347e-02	-8.55399e-01	0.000000e+00	
699	5.424347e-02	-8.54007e-01	0.000000e+00	
700	5.434347e-02	-8.52610e-01	0.000000e+00	
701	5.444347e-02	-8.51207e-01	0.000000e+00	
702	5.454347e-02	-8.49798e-01	0.000000e+00	
703	5.464347e-02	-8.48384e-01	0.000000e+00	
704	5.474347e-02	-8.46962e-01	0.000000e+00	
705	5.484347e-02	-8.45533e-01	0.000000e+00	
706	5.494347e-02	-8.44097e-01	0.000000e+00	
707	5.504347e-02	-8.42653e-01	0.000000e+00	
708	5.514347e-02	-8.41201e-01	0.000000e+00	
709	5.524347e-02	-8.39739e-01	0.000000e+00	
710	5.534347e-02	-8.38269e-01	0.000000e+00	
711	5.544347e-02	-8.36788e-01	0.000000e+00	
712	5.554347e-02	-8.35296e-01	0.000000e+00	
713	5.564347e-02	-8.33793e-01	0.000000e+00	
714	5.574347e-02	-8.32278e-01	0.000000e+00	
715	5.584347e-02	-8.30750e-01	0.000000e+00	
716	5.594347e-02	-8.29208e-01	0.000000e+00	
717	5.604347e-02	-8.27651e-01	0.000000e+00	
718	5.614347e-02	-8.26078e-01	0.000000e+00	
719	5.624347e-02	-8.24488e-01	0.000000e+00	
720	5.634347e-02	-8.22880e-01	0.000000e+00	
721	5.644347e-02	-8.21253e-01	0.000000e+00	
722	5.654347e-02	-8.19604e-01	0.000000e+00	
723	5.664347e-02	-8.17932e-01	0.000000e+00	
724	5.674347e-02	-8.16236e-01	0.000000e+00	
725	5.684347e-02	-8.14513e-01	0.000000e+00	
726	5.694347e-02	-8.12762e-01	0.000000e+00	
727	5.704347e-02	-8.10979e-01	0.000000e+00	
728	5.714347e-02	-8.09162e-01	0.000000e+00	
729	5.724347e-02	-8.07308e-01	0.000000e+00	
730	5.734347e-02	-8.05413e-01	0.000000e+00	
731	5.744347e-02	-8.03474e-01	0.000000e+00	
732	5.754347e-02	-8.01485e-01	0.000000e+00	
733	5.764347e-02	-7.99442e-01	0.000000e+00	
734	5.774347e-02	-7.97339e-01	0.000000e+00	
735	5.784347e-02	-7.95169e-01	0.000000e+00	
736	5.794347e-02	-7.92923e-01	0.000000e+00	
737	5.804347e-02	-7.90593e-01	0.000000e+00	
738	5.814347e-02	-7.88166e-01	0.000000e+00	
739	5.824347e-02	-7.85630e-01	0.000000e+00	
740	5.834347e-02	-7.82967e-01	0.000000e+00	
741	5.844347e-02	-7.80158e-01	0.000000e+00	
742	5.854347e-02	-7.77177e-01	0.000000e+00	
743	5.864347e-02	-7.73991e-01	0.000000e+00	
744	5.874347e-02	-7.70559e-01	0.000000e+00	
745	5.884347e-02	-7.66823e-01	0.000000e+00	
746	5.894347e-02	-7.62707e-01	0.000000e+00	
747	5.904347e-02	-7.58101e-01	0.000000e+00	
748	5.914347e-02	-7.52841e-01	0.000000e+00	
749	5.924347e-02	-7.45805e-01	0.000000e+00	
750	5.934347e-02	-7.37807e-01	0.000000e+00	

Index   time            v(Load)         v(Gate)         
--------------------------------------------------------------------------------
751	5.944347e-02	-7.27054e-01	0.000000e+00	
752	5.954347e-02	-7.10218e-01	0.000000e+00	
753	5.964347e-02	-6.59873e-01	0.000000e+00	
754	5.972396e-02	3.686267e-01	0.000000e+00	
755	5.978468e-02	-3.67379e-01	0.000000e+00	
756	5.984505e-02	3.681309e-01	0.000000e+00	
757	5.992175e-02	-3.66939e-01	0.000000e+00	
758	6.000000e-02	3.677514e-01	0.000000e+00	
